1111111111111111111111111111111111111111
1111111111111111111111111111111111111111
11                                    11
11                                    11
11                                    11
11                                    11
11                                    11
11                                    11
11                                    11
11                                    11
11                                    11
11                                    11
11                                    11
11                                    11
11                                    11
11                                    11
11                                    11
11                                    11
11                                    11
11                                    11
11                                    11
11                                    11
11                                    11
11                                    11
11                                    11
11P                                  F11
11                                    11
11               SSSS                 11
1100000000000000000000000000000000000011
1111111111111111111111111111111111111111